467.309	0.519732	452.779	285.671
467.365	111.976	473.813	0.52016
486.197	0.500293	482.457	58.3243
552.096	0.404074	540.564	119.369
559.067	203.38	582.713	0.431345
610.992	118.381	629.64	0.469195
633.845	0.357102	616.662	114.531
653.468	0.486615	630.358	152.025
631.882	204.376	663.156	0.0557308
681.113	5.70216	674.536	47.2958
366.041	6.86695	366.743	43.1276
320.466	10.6433	338.155	8.35652
583.87	100.721	595.642	9.21642
459.34	43.2332	462.25	10.5471
523.737	71.9324	529.515	10.4033
591.431	10.5698	580.232	100.731
598.244	15.6403	596.124	32.1003
604.873	60.5142	611.526	15.3892
616.602	36.8485	618.189	20.5098
209.717	23.099	210.952	39.3501
596.204	32.8599	592.363	60.6924
625.022	116.118	636.847	40.6206
688.674	58.5039	692.363	40.991
436.883	42.9945	456.881	44.2821
455.498	119.439	459.727	45.5736
366.242	48.1251	366.233	135.625
674.794	47.7464	668.97	79.7562
610.275	51.827	601.496	115.745
217.726	63.1588	220.479	95.6374
482.119	66.8111	470.915	243.223
607.796	94.3228	612.141	66.9171
509.48	224.384	522.319	75.4478
669.47	78.9581	651.561	182.254
725.625	89.3435	708.118	89.446
216.902	94.3732	218.511	118.099
221.201	101.82	224.751	139.339
533.744	101.923	532.194	121.9
457.871	286.861	467.213	113.076
578.213	117.982	568.32	198.303
453.151	148.021	455.563	119.582
573.678	201.803	582.243	119.413
585.215	126.257	613.689	120.002
716.478	188.289	729.413	120.872
539.77	124.284	536.669	153.37
220.281	133.158	225.257	185.66
430.637	152.04	448.05	150.813
397.567	160.11	432.486	152.638
630.302	152.865	627.718	168.471
537.047	154.146	530.873	217.022
380.909	162.606	397.881	160.173
238.069	185.315	351.966	164.882
284.142	181.84	381.614	164.184
343.082	169.109	324.419	172.147
628.136	168.951	622.264	203.404
223.203	186.867	221.613	171.903
256.756	187.607	280.677	182.099
399.385	186.253	351.873	185.99
654.377	183.106	714.512	189.289
266.789	182.64	229.355	189.264
350.775	186.889	334.312	188.849
192.927	198.314	241.615	189.233
0.518108	228.788	208.193	191
389.519	201.44	413.621	197.182
333.06	198.681	365.697	202.516
168.317	202.999	192.017	198.955
284.311	201.458	242.885	207.806
366.859	201.918	389.372	201.625
161.84	201.674	130.67	207.134
180.819	208.743	198.183	203.309
131.819	209.024	154.536	205.381
189.279	203.97	171.864	208.077
247.785	210.685	289.275	204.904
723.181	216.454	636.793	204.997
532.369	218.829	561.259	206.662
63.0969	211.728	79.234	208.638
114.248	212.189	131.766	209.817
169.43	209.803	154.357	211.733
156.88	218.155	200.59	210.427
210.144	221.49	248.382	210.249
326.108	211.1	340.373	217.442
415.813	212.835	384.304	219.014
48.1531	224.524	113.206	212.305
135.377	217.078	153.069	212.889
320.834	217.372	361.769	227.407
376.394	227.029	423.779	217.695
124.291	213.763	94.3433	217.896
83.1537	215.78	54.4622	221.096
159.347	215.45	115.519	222.465
187.98	215.061	150.7	224.667
383.132	219.136	340.634	217.827
93.0081	220.342	129.333	217.572
214.141	217.451	199.205	222.637
130.553	222.442	155.406	219.806
191.906	219.553	175.712	222.376
0.432031	223.517	15.5128	220.126
64.5868	228.876	92.0194	221.137
111.892	220.73	89.3665	224.322
109.457	226.168	129.382	223.172
150.629	225.502	129.36	224.893
416.21	225.548	398.657	253.014
204.2	225.642	206.271	246.934
44.374	228.185	64.3896	228.532
124.348	227.321	139.368	228.244
329.707	254.34	326.895	227.989
472.487	244.099	511.256	227.895
0.189889	234.134	17.6468	231.363
56.8748	230.624	33.0313	235.129
81.8931	236.981	114.509	231.412
400.859	230.983	386.333	240.46
565.218	231.068	485.847	271.066
120.468	233.376	81.8828	239.425
16.9728	243.568	53.3805	235.533
80.6092	239.322	58.2311	245.982
149.461	240.467	133.116	241.757
413.838	255.674	414.217	240.59
394.594	242.333	380.49	249.093
26.9175	245.264	8.15061	246.161
148.275	249.907	165.796	244.982
35.6335	249.692	18.1462	250.163
111.809	253.953	141.85	249.216
204.278	249.477	206.843	283.222
156.713	259.822	190.354	253.032
211.322	294.412	208.58	253.178
412.31	288.136	413.168	255.593
391.447	258.179	369.914	265.882
170.715	264.691	188.221	259.713
199.688	261.849	203.12	303.125
205.082	303.167	201.852	261.877
369.366	267.045	339.318	265.461
76.8827	263.721	58.1197	263.963
334.092	263.105	334.274	283.137
30.6224	264.367	15.5601	269.172
95.6177	274.352	118.196	267.096
485.46	271.547	459.976	284.33
130.672	272.016	111.936	278.308
230.641	298.274	295.005	276.214
24.4854	288.319	41.993	278.332
286.405	290.106	300.179	277.632
310.699	279.627	295.54	284.087
5.65083	288.184	21.5661	281.174
42.7623	282.336	26.9761	289.595
30.4667	291.53	50.7768	282.206
334.558	283.219	335.218	299.493
280.817	287.505	244.159	298.665
318.657	298.822	307.843	288.419
141.891	288.186	121.977	293.507
48.038	291.298	24.2629	294.882
306.875	295.641	278.09	296.148
412.105	308.567	440.855	293.567
26.8677	296.824	46.8218	293.999
48.2238	296.283	26.8913	299.484
111.977	305.962	143.389	296.502
277.441	297.08	258.197	304.559
348.299	304.697	318.413	299.09
110.727	298.405	95.8689	303.797
172.685	308.624	191.547	297.565
17.3894	306.978	33.2479	300.948
136.877	301.881	108.341	313.649
72.0195	309.733	88.1637	303.221
257.963	305.216	235.517	314.103
290.595	315.584	306.641	304.049
371.704	309.035	349.291	304.823
92.9607	311.249	111.73	306.321
187.338	307.548	173.329	317.172
407.923	368.185	411.459	306.851
141.844	313.039	125.476	318.963
106.757	313.911	85.6075	319.306
140.155	322.451	170.483	315.043
181.66	325.228	201.846	314.322
268.478	317.754	248.664	325.715
166.373	317.915	99.4794	340.928
185.636	319.4	168.365	327.394
355.087	348.065	384.901	324.083
118.106	331.825	139.536	323.542
250.513	331.574	275.35	322.382
371.207	328.439	347.546	345.315
101.988	332.28	116.872	328.115
210.048	332.359	220.336	344.617
139.338	341.692	165.771	336.349
151.946	348.278	178.316	336.037
377.418	335.693	380.555	368.132
76.8434	340.495	91.8647	336.833
274.929	361.603	222.847	342.638
229.461	342.867	273.354	357.435
154.23	342.647	135.325	348.385
219.55	343.896	269.7	362.236
373.233	343.116	375.662	370.732
319.262	365.557	355.069	348.227
273.228	366.6	219.099	346.363
248.193	346.427	265.669	349.088
92.4781	348.123	72.1361	358.631
204.688	348.125	204.688	379.375
369.52	375.609	366.429	348.175
87.6391	356.783	107.016	349.765
335.871	350.351	314.408	355.757
373.004	370.634	371.518	350.652
53.0677	354.203	16.6985	366.346
124.462	364.547	144.931	354.246
117.813	354.858	103.197	360.802
314.403	358.11	293.164	358.595
281.276	358.722	311.723	368.593
167.073	360.027	142.898	367.38
125.542	360.421	107.898	367.565
159.131	367.283	175.461	362.559
305.545	370.865	284.158	363.78
178.152	364.461	156.996	371.015
200.074	409.377	199.937	368.123
292.829	424.424	283.376	367.874
287.934	368.826	305.493	373.608
12.8183	377.195	35.715	369.648
40.9891	385.182	73.1464	370.672
155.84	371.143	141.897	376.928
34.1447	372.606	13.149	381.929
340.165	374.082	359.303	383.274
179.155	374.986	163.088	380.518
343.082	399.311	377.233	376.154
341.697	394.771	305.016	378.224
383.169	384.486	399.789	377.923
15.8741	384.883	30.4394	377.746
120.769	378.698	100.483	383.81
126.846	385.555	142.902	378.841
89.2974	391.631	120.929	381.583
145.775	381.001	125.506	389.076
247.966	395.34	272.904	381.478
372.329	381.884	372.523	399.382
80.4006	385.003	61.8169	391.714
283.262	384.351	286.354	401.966
125.547	391.652	143.078	385.491
293.224	386.662	328.248	402.858
318.156	386.809	338.41	396.265
144.069	387.457	126.758	395.37
311.986	387.897	333.097	398.182
109.001	392.119	94.5962	397.47
162.145	401.382	189.704	391.546
330.759	401.592	306.998	390.365
40.7781	392.286	19.6615	400.145
67.6458	405.936	92.0557	393.479
275.256	393.182	285.34	458.169
189.684	395.126	163.906	405.735
94.332	398.028	63.1068	411.834
370.659	406.791	348.267	397.774
293.221	432.021	342.426	399.565
346.693	399.831	369.553	408.927
210.718	415.765	225.184	406.208
46.7056	411.413	61.9473	405.822
209.069	405.578	206.391	423.051
335.393	406.12	360.212	417.755
160.935	407.768	145.61	413.081
287.061	406.847	289.704	424.513
359.486	420.39	334.717	408.653
185.785	427.149	199.701	419.04
226.851	438.156	209.201	424.601
167.648	435.897	185.075	427.043
291.327	434.475	299.29	478.14
141.52	449.997	168.284	437.207
302.155	479.327	294.928	436.994
286.721	478.353	227.504	438.442
219.052	439.833	275.47	479.596
225.28	439.882	281.749	478.31
140.721	442.047	110.943	458.694
293.726	464.273	290.125	442.998
278.321	479.097	240.884	452.757
106.706	461.527	90.1201	469.586
88.8331	478.158	102.018	470.884
59.6094	493.546	85.4853	479.124
